image_id,healthy,multiple_diseases,rust,scab
Test_0,8.352411184955869e-07,6.30791055577062e-06,0.9999928456216125,1.1226713221461097e-08
Test_1,1.0579842387839117e-06,1.7625748889453557e-06,0.9999970386012362,1.408396361753081e-07
Test_2,0.00016050614685745102,0.00027906008132968244,0.0003273628160503018,0.9992330709557625
Test_3,0.9990586468298116,1.58817440283403e-07,0.0009357748264903619,5.419526257698984e-06
Test_4,7.408880443331525e-09,1.8812841596910384e-07,0.9999998035733129,8.893908384460962e-10
Test_5,0.9989016819369956,5.535136959261076e-06,0.0010891531144246484,3.6298116205177516e-06
Test_6,0.9996450189457291,1.3448253420102702e-07,0.00034918043750648307,5.666134230488555e-06
Test_7,2.183007392477443e-05,9.844360673006166e-05,0.00027915685719950384,0.9996005694621457
Test_8,0.021816974997368115,0.025301406818895696,0.05435231397629031,0.8985293042074459
Test_9,3.997221455164777e-06,2.2830887458318574e-05,0.9999731212642944,5.06267922825295e-08
Test_10,4.090300406912434e-05,9.688971763510417e-07,0.9999581057957091,2.2303045359107396e-08
Test_11,0.9821234445214638,2.2640843793865298e-06,0.0178527271438793,2.1564250277578232e-05
Test_12,0.8542950030196602,0.0015082390802072002,0.06870039166819616,0.07549636623193637
Test_13,0.9985132300566498,3.5262667794777477e-06,0.0014711529421289585,1.209073444179109e-05
Test_14,6.163696949153622e-06,1.0994705726370016e-06,0.9999927231734406,1.365903770198483e-08
Test_15,2.224198757962714e-06,1.0935256173695519e-05,0.9999868291704332,1.1374635117074769e-08
Test_16,0.9986150008536328,1.6636129828311544e-06,0.0013680208949273093,1.531463845706255e-05
Test_17,0.7764862610777874,0.001219820258898566,0.03899797951198625,0.18329593915132789
Test_18,0.10413927332427866,0.0029643460063666495,0.8869945183743527,0.005901862295001959
Test_19,2.0199363052074186e-07,4.9426186608512675e-06,0.9999948468620643,8.525644387544477e-09
Test_20,0.0007535743941483356,0.00011432544915711229,0.00222916454032821,0.9969029356163663
Test_21,0.9852615509162997,2.3014510885857236e-07,0.014662660527645623,7.555841094564214e-05
Test_22,1.9049820745670097e-06,2.9025334066887276e-06,0.9999951849027935,7.581725147632803e-09
Test_23,2.6429887369711393e-05,0.00020036717757460605,0.0007589970327942223,0.9990142059022614
Test_24,0.9976447520728843,2.1315878739927356e-05,0.00232762369718452,6.308351191050755e-06
Test_25,0.000342214188225675,9.264817719467966e-06,0.0006799095152111146,0.9989686114788437
Test_26,0.328786156519423,0.0005201167387334097,0.666758294766444,0.003935431975399628
Test_27,4.880968561804299e-07,8.972492075655874e-06,0.9999905253426544,1.4068413635942973e-08
Test_28,0.99970333393933,9.346167943938996e-07,0.00029293766016283353,2.793783712851237e-06
Test_29,0.01800843880123119,0.008899966333201205,0.9712380223962628,0.0018535724693047547
Test_30,0.9997591202890165,2.088246021200768e-06,0.00022210692350459185,1.668454145752096e-05
Test_31,4.8803956136325964e-05,0.0004895308219888014,0.9994615856627396,7.955913530100132e-08
Test_32,0.008104863203731117,0.00021643981402178427,0.024795915545940145,0.966882781436307
Test_33,6.599059260745381e-05,1.7122195505908547e-05,0.00016872927098812672,0.9997481579408986
Test_34,0.001145715192621223,6.354576170662212e-05,0.0008136623205583981,0.9979770767251137
Test_35,1.9675967811874808e-05,2.1133866364190774e-06,3.598197629349361e-05,0.9999422286692581
Test_36,1.2091216516908353e-07,3.7920389309648785e-07,0.9999994975176705,2.3662712733179038e-09
Test_37,0.774671888753282,0.000488487722940599,0.0009710049259873202,0.22386861859778995
Test_38,0.0032621532424676565,0.009468479418578087,0.017355597993885457,0.9699137693450687
Test_39,8.905194826459264e-08,1.1355427920565955e-07,0.9999997948144225,2.57934994027639e-09
Test_40,1.440127187980018e-08,5.576030624143309e-07,0.9999994250048581,2.990807672334374e-09
Test_41,4.239224831047706e-06,4.718990972395727e-06,0.9999910398760866,1.908109970038935e-09
Test_42,0.0009413290402960611,0.00018714001676951267,0.00019961191656220825,0.9986719190263722
Test_43,0.0001348767067631199,5.449290377029168e-05,0.9998105565222571,7.386720941981504e-08
Test_44,0.0013659589236907133,0.08891487265860755,0.9091279804324779,0.0005911879852238677
Test_45,0.09816164686857191,0.23612706876605177,0.6023356131336229,0.06337567123175343
Test_46,0.9719596276963889,0.002539363502273969,0.001294102123910649,0.024206906677426428
Test_47,6.902436994723022e-08,1.78268440120378e-06,0.999998133300084,1.49911447904196e-08
Test_48,5.451154803041905e-08,1.67284643926934e-07,0.9999997715314455,6.672362364928432e-09
Test_49,6.375089720145256e-06,2.8687916668854814e-07,0.9999932853103503,5.272076298865103e-08
Test_50,8.290809502808703e-07,3.5857432632712416e-05,0.9999632914720032,2.2014413817566127e-08
Test_51,5.6059652666218685e-08,2.4536350896384475e-06,0.999997474998675,1.5306582684774927e-08
Test_52,1.072559970644491e-06,8.302868060959776e-06,0.9999906098807839,1.469118438137451e-08
Test_53,1.0049165009599196e-06,5.235344320726181e-07,0.999998468770474,2.7785927963889353e-09
Test_54,0.003655243703588397,0.008066181069180129,0.9882705535771372,8.021650094249007e-06
Test_55,0.0004471383631422539,0.0002193650112765135,0.01614129270879631,0.9831922039167849
Test_56,0.0349512106338712,0.01764609492150973,0.008367592592258633,0.9390351018523604
Test_57,0.17631999399106585,0.0008812592600652127,0.8222426701897342,0.0005560765591347258
Test_58,7.426256620597539e-05,5.379004528026712e-05,0.0005778708112635535,0.9992940765772501
Test_59,0.00029572228234782063,6.677874235693344e-05,0.9996309684989814,6.530476313929595e-06
Test_60,0.006279208265547509,0.0005130096439628546,0.0076781212350595825,0.9855296608554299
Test_61,0.9587801895329806,3.2732051778078055e-06,0.04102578273247335,0.00019075452936825066
Test_62,0.009496812182281779,0.24129720545134473,0.7475124498202621,0.001693532546111467
Test_63,0.01313760702655195,0.006375826323016007,0.021080357082121737,0.9594062095683104
Test_64,0.9934041704543469,1.3544887358538786e-05,0.004371447846413498,0.002210836811880949
Test_65,1.609937852675406e-05,6.570574259270308e-05,0.9999181508576453,4.4021235214401284e-08
Test_66,0.9998817233566514,3.296922884933668e-07,0.00011616976872320806,1.7771823368761596e-06
Test_67,2.5619261741631966e-05,1.7247807494512573e-05,0.9999569739992442,1.5893151983072302e-07
Test_68,0.005095018088691804,0.16036545808994515,0.6782281036040535,0.15631142021730957
Test_69,1.3906986773529486e-07,1.723954757882552e-07,0.9999996856074127,2.927243714196035e-09
Test_70,0.007137322704988822,0.001651935289967253,0.1913841556764637,0.7998265863285802
Test_71,0.008650742009954278,3.339419337311094e-07,0.9913482096506876,7.143974244958773e-07
Test_72,0.0025808452329700612,0.0020775992700376392,0.18925389889107133,0.806087656605921
Test_73,0.9741025385459843,3.203074592488861e-06,0.025875824832741957,1.843354668144985e-05
Test_74,0.9951506119999041,9.144323878326139e-05,0.003296570945906488,0.0014613738154060237
Test_75,0.12866169661019333,7.410883527832153e-05,0.07968148341783786,0.7915827111366904
Test_76,0.9992642913106154,8.044775927337763e-08,0.0007146947232982791,2.0933518326951863e-05
Test_77,8.04234393351163e-06,5.016787559535615e-07,0.9999913335524317,1.2242487872914377e-07
Test_78,0.001986988228718305,0.08027625390457921,0.04304152769444822,0.8746952301722544
Test_79,0.35155978877104727,0.0022745323850384743,0.19183304134622173,0.4543326374976924
Test_80,1.1801693111181021e-05,0.0009096951281648042,0.999077344099629,1.159079095032424e-06
Test_81,3.473175036479913e-07,2.2133839726739196e-05,0.9999774806597355,3.818303418387443e-08
Test_82,4.370245428942515e-06,5.741211847121474e-05,0.9999372377276304,9.799084692621927e-07
Test_83,3.2876713408455245e-07,0.00014563041800514935,0.9998540125198682,2.8294992594785894e-08
Test_84,0.009623503125278186,4.1528229693873127e-05,0.0008442117196602305,0.9894907569253677
Test_85,0.058331241244914116,0.00012466770995279882,0.3622506797714835,0.5792934112736496
Test_86,8.220992746827218e-06,0.00010556109946672591,0.9998862052969769,1.261080967189059e-08
Test_87,0.9972939767978278,0.0001557821874384278,0.002484665023590741,6.557599114293795e-05
Test_88,0.3265410793003647,0.004348167940694652,0.09607226671038735,0.5730384860485532
Test_89,0.7169901634607625,0.03695964970192105,0.23659522263369281,0.009454964203623678
Test_90,7.955302372760918e-07,2.818777483444667e-06,0.9999963698234767,1.586880257186059e-08
Test_91,0.9990785716532149,3.312711064827872e-07,0.0009116243645583052,9.472711120355593e-06
Test_92,0.9589344351738808,6.108438761200674e-06,0.041016684313156915,4.2772074201167634e-05
Test_93,1.0951571271647133e-06,5.564529721037996e-06,0.9999933272994963,1.3013655420517715e-08
Test_94,0.0004799892703427195,2.6018649210417258e-05,0.0002222035196793953,0.9992717885607675
Test_95,0.9352425181651743,3.971299809470561e-05,0.06341775691808448,0.0013000119186465473
Test_96,0.00010209573362205692,0.00035132791769465087,0.0010623513268086782,0.9984842250218745
Test_97,0.993528161812265,0.0012808759432437805,0.005171154829616245,1.980741487473515e-05
Test_98,0.23776671427304974,0.003006254712704987,0.0911343917370142,0.6680926392772311
Test_99,0.9150421603124274,0.00015070279501936721,0.08379021984722793,0.001016917045325403
Test_100,0.0015258483929602544,3.312411076216717e-05,8.539179523448561e-05,0.9983556357010431
Test_101,0.9982808680263788,5.8509695737930024e-06,0.001528756482814084,0.00018452452123314178
Test_102,0.06516439693743066,0.0005326897134942884,0.12170575613623949,0.8125971572128355
Test_103,0.9707550064772377,0.007474067777080075,0.020869442690252617,0.0009014830554296693
Test_104,5.3002652025912386e-05,4.9937589821878574e-05,0.0003113622952289822,0.9995856974629234
Test_105,5.6661596947200606e-05,1.196698879295758e-05,0.00012720052971696593,0.999804170884543
Test_106,0.9999462992511821,1.4327993189484488e-06,5.0659618002926365e-05,1.6083314960527515e-06
Test_107,7.542955070354555e-07,1.575045780318594e-06,0.9999974784253703,1.9223334241533792e-07
Test_108,0.0026354024406921753,0.23604706078413448,0.34533867804932566,0.41597885872584756
Test_109,0.9877825734663177,1.9453093987570766e-05,0.012120698668863117,7.727477083158763e-05
Test_110,0.9999578323063087,9.575669119871624e-07,2.461872329647259e-05,1.659140348271218e-05
Test_111,0.9996000041577806,2.8405767143533326e-06,0.0002858691660819726,0.00011128609942292171
Test_112,8.14416432516607e-06,4.105630418091712e-05,0.999950279089072,5.204424218074949e-07
Test_113,0.9431135780918378,0.003161086890070973,0.008780468422476708,0.04494486659561444
Test_114,0.30722961412143385,0.15458917814172887,0.5356112350061225,0.0025699727307148903
Test_115,1.9819979751484326e-06,1.826129729227586e-07,0.9999978256853487,9.703703236708912e-09
Test_116,0.0010010504093253619,1.8419632988483458e-05,0.9989650425846577,1.548737302832245e-05
Test_117,4.0323558125426485e-07,6.970247043097741e-06,0.999992601359187,2.5158188496246623e-08
Test_118,4.19988170191876e-07,7.064260816600536e-06,0.9999925051616527,1.0589360562757801e-08
Test_119,0.9994790387436442,1.0839444161872969e-05,0.0005045877921353805,5.534020058623379e-06
Test_120,1.4137584515956486e-07,1.2998624391748082e-06,0.9999985553190166,3.4426992198620275e-09
Test_121,5.2987595336781445e-05,1.301080251103011e-05,0.9999339640657627,3.753638961922478e-08
Test_122,5.348504623293851e-07,5.2566437234410025e-05,0.9999468913421435,7.370159828834092e-09
Test_123,8.798617516056704e-07,4.626607478318202e-06,0.99999446976013,2.3770640178547798e-08
Test_124,0.004555945909053555,0.00015681253006948154,0.00042680989982579737,0.9948604316610512
Test_125,0.07948946002827574,0.035911118506542695,0.0975182361872695,0.787081185277912
Test_126,0.9943385664871084,3.040011155505284e-07,0.0056528195342783905,8.309977497756229e-06
Test_127,0.006715385874011824,0.00024501639929839196,0.0076806806586434085,0.9853589170680463
Test_128,0.00028781956636861133,0.0003360343770408941,0.9990496432676467,0.00032650278894373104
Test_129,6.390039030191842e-05,0.0002790889993067161,0.9996568911397777,1.1947061380024554e-07
Test_130,0.00015073602884842924,4.6927216169023674e-05,0.0006595630368304319,0.9991427737181521
Test_131,0.00027251250971366346,1.2170949889888362e-05,0.0001714458080482614,0.9995438707323482
Test_132,0.9999365770173557,2.4943862830207047e-07,6.215976056744993e-05,1.0137834482424287e-06
Test_133,0.001010717443637827,0.0003022278478710773,0.0005452437630236511,0.9981418109454674
Test_134,0.027143139445512197,3.237007857664919e-05,0.0006878946002768088,0.9721365958756344
Test_135,1.4791251163094597e-06,6.981074646992144e-06,0.9999915022184165,3.7581820313475486e-08
Test_136,8.812195152135985e-05,9.236770357614315e-05,0.00018422159723394569,0.9996352887476686
Test_137,7.104033525395696e-08,2.656126932645749e-07,0.9999996620762489,1.2707226159558247e-09
Test_138,6.624335384483385e-07,1.3799402887080742e-06,0.9999979558256096,1.8005632487127722e-09
Test_139,0.999952855156468,2.845504673553521e-07,4.498027526446535e-05,1.8800178001391669e-06
Test_140,2.651251717664958e-06,4.6045657768824595e-06,0.9999913924464731,1.3517360324098432e-06
Test_141,0.00019113832048324304,6.619779652620477e-05,0.0005666252520227165,0.9991760386309678
Test_142,0.15546514781720475,0.0018136802404056975,0.03910048547413631,0.8036206864682531
Test_143,0.010978891885724169,0.1737623689784669,0.2474266054116364,0.5678321337241726
Test_144,0.9991968615009565,5.767408236123798e-07,0.0007991918884986622,3.369869720964556e-06
Test_145,0.1978163437086901,0.026537084133015983,0.2193422045143952,0.5563043676438987
Test_146,5.5774597665419715e-08,3.762811240959434e-08,0.999999902036405,4.560885093308588e-09
Test_147,3.559500093029622e-05,0.0004112286728677903,0.9995510116669715,2.16465923031072e-06
Test_148,0.9974527299630384,7.802675179528241e-05,0.002455250396920527,1.399288824582965e-05
Test_149,0.4887144268526996,0.00010587212182569384,0.5111519075711469,2.779345432788111e-05
Test_150,0.002975180796835724,0.03428514850696727,0.3857096014154507,0.5770300692807463
Test_151,4.986533469416506e-08,1.4448962439835695e-07,0.9999998002712464,5.373794552950831e-09
Test_152,4.3037148894635e-05,2.055270698357495e-05,0.9999363457297329,6.44143888710213e-08
Test_153,0.00017945259339294175,5.4996826946163894e-06,0.002708458979527346,0.9971065887443851
Test_154,8.579281298009995e-06,6.444339786876762e-06,0.9999849120472856,6.433162951665266e-08
Test_155,1.8107237873820622e-07,1.5783926166901406e-05,0.9999840243905908,1.061086359792055e-08
Test_156,0.0068335357727285,0.0019432168937902601,0.01737486015243866,0.9738483871810426
Test_157,0.8631786927384906,5.997732283743029e-06,0.13679825934948311,1.7050179742671526e-05
Test_158,5.954981174728744e-05,1.977486877999579e-05,0.0003989520436619855,0.9995217232758108
Test_159,0.0011058501718675005,5.6807676773940925e-05,0.9988293387283971,8.003422961356309e-06
Test_160,0.9956433228304528,5.1597357345699525e-06,0.003348011209809172,0.0010035062240035032
Test_161,0.01081441462479534,0.00239619171673058,0.9856172126592014,0.0011721809992725845
Test_162,1.9215142546761956e-07,1.083350980715189e-07,0.9999996929090756,6.604400719135462e-09
Test_163,1.0849759810183611e-06,9.444761400398912e-05,0.9999034973014087,9.701086062712025e-07
Test_164,0.3737290986729342,5.43221069093684e-05,0.0011931675385305862,0.6250234116816258
Test_165,6.222774442284968e-05,4.839356567831863e-05,9.39778036932749e-05,0.9997954008862056
Test_166,1.1989059935375946e-06,8.774736556873833e-07,0.9999979176069606,6.013390416534048e-09
Test_167,0.00017890116299353357,5.741709442313041e-06,0.9998152163458963,1.407816679740534e-07
Test_168,0.0002568884826347415,0.0023012748684986747,0.9971407925666769,0.00030104408218968067
Test_169,0.0002955900497787147,1.48879905463417e-07,0.9997032669252575,9.941450583540963e-07
Test_170,0.9626116322515288,0.00043854881038525275,0.022149319782600103,0.014800499155486108
Test_171,4.825347917942986e-06,2.400178646951902e-05,0.9999711265178073,4.6347805129517525e-08
Test_172,6.399440723403708e-05,6.292306915919604e-05,0.9998730413999205,4.1123686390775656e-08
Test_173,5.672121265972206e-08,2.724662400841173e-07,0.9999996695247562,1.2877913154752524e-09
Test_174,0.7678210526588858,0.0016600175531275836,0.02767114276798645,0.20284778702000025
Test_175,0.9990884309868938,2.3300264037855182e-05,0.0007117996501823226,0.00017646909888607292
Test_176,5.625746323664231e-06,1.0430231755940717e-05,0.9999833104791496,6.335427708348975e-07
Test_177,6.676665351541997e-05,1.1323713839716387e-06,2.090136869358482e-05,0.9999111996064071
Test_178,0.00029014128998875577,6.736925587109215e-06,0.00010536375154239658,0.9995977580328816
Test_179,1.781089225214134e-05,3.28449730858512e-06,0.9999778803437797,1.0242666595351395e-06
Test_180,6.877494363699094e-05,0.01718347179623457,0.9827422299519945,5.523308133988389e-06
Test_181,0.00018650802719184662,0.0035750130001494167,0.015555588897963912,0.9806828900746949
Test_182,0.00022834412585372683,0.00017994405515970517,0.9995881414764564,3.5703425302408164e-06
Test_183,0.8794163307164062,8.6758270676703e-06,0.12055474234291659,2.0251113609544583e-05
Test_184,0.9951479468679456,3.1849799585470528e-06,0.0025086033206027794,0.0023402648314930176
Test_185,0.031552579993103735,0.007897002299550163,0.16886091374576717,0.7916895039615789
Test_186,0.0029177811882911842,0.00503628121570294,0.0010031341745337203,0.9910428034214721
Test_187,9.553305269756063e-08,3.521357441344789e-07,0.9999995392118084,1.3119394605604896e-08
Test_188,4.508582344250725e-06,5.046317014932505e-06,0.9999904281363331,1.696430761781035e-08
Test_189,0.9968098005510921,1.0075699598196713e-06,0.0023184517106098995,0.0008707401683381433
Test_190,0.00020267170849741568,0.012120602106558326,0.9876760328906373,6.932943069856708e-07
Test_191,3.3954885242129333e-06,4.133305821037792e-06,0.9999924553953433,1.581031148308267e-08
Test_192,0.00030576079144175504,2.4674917014501035e-06,0.9996913213194647,4.5039739201188284e-07
Test_193,7.383024385988744e-07,5.033517747430182e-07,0.9999987400142114,1.833157547216804e-08
Test_194,1.3735495188366315e-05,0.0010781044989417593,0.9989080533628409,1.0664302897985411e-07
Test_195,0.8875593463617315,0.00044390142838707193,0.11189304691424538,0.00010370529563594914
Test_196,0.021586901394014053,0.18580948985324477,0.22777384125844025,0.5648297674943008
Test_197,6.347304984752768e-05,2.337041646834777e-05,0.9999101431167768,3.0134169073106098e-06
Test_198,0.004924817113982142,3.172854016769011e-05,0.002513628388331513,0.9925298259575187
Test_199,0.00013632267872589252,0.00048288197865830197,0.9993766390005927,4.156342023167876e-06
Test_200,0.0014440945314909712,2.5975938333703707e-05,0.9985294998509461,4.2967922938014566e-07
Test_201,0.00015218343128161328,1.2721629624076694e-05,0.0007955701243096143,0.9990395248147846
Test_202,1.972125484929155e-05,7.648912427174654e-05,0.9998603862738284,4.340334705040353e-05
Test_203,1.0718537653294717e-05,0.00017886169282770544,0.9998102170050068,2.02764512066061e-07
Test_204,6.984860838066616e-05,0.00021932414575561975,0.0032404761266596055,0.9964703511192042
Test_205,9.001699067228822e-05,1.1084078018518933e-06,6.484727223134213e-05,0.9998440273292946
Test_206,4.3979030773202244e-05,3.003641738471e-06,0.00022831638790291728,0.9997247009395855
Test_207,0.0004537828705854968,2.531982999042767e-05,0.9995046383638214,1.625893560268072e-05
Test_208,0.3609768306327726,0.0016111132734380371,0.007903368301913639,0.6295086877918757
Test_209,1.4713276880872752e-05,0.0005600067052769677,0.9994248231812937,4.568365483358365e-07
Test_210,0.00022527355129932036,0.0003107775964035102,0.001816596540005856,0.9976473523122912
Test_211,0.0013198870371616597,0.02065174034322327,0.9779650705894466,6.330203016846421e-05
Test_212,2.8975965531041035e-07,2.1741753821533588e-07,0.9999994914835969,1.3392096226227893e-09
Test_213,0.0012902338735727673,0.443596322887043,0.5550214349059963,9.200833338800665e-05
Test_214,2.043735361085706e-05,4.209003161681412e-06,0.9999751805355762,1.7310765128614517e-07
Test_215,0.9610548119154546,0.009761277187438445,0.02048335635890003,0.00870055453820688
Test_216,0.9994013491348728,3.7750723152620367e-07,0.0005968364789343644,1.4368789611949232e-06
Test_217,1.070040024586455e-05,2.095813523741365e-05,6.477704481176242e-05,0.9999035644197051
Test_218,0.999850870530293,3.32481666644453e-05,0.00010688220460427091,8.999098438229466e-06
Test_219,1.4304810539160092e-07,3.269150869752511e-07,0.9999995287234883,1.313319537390918e-09
Test_220,0.0005124783822745973,0.0017126694793671803,0.008317588415325138,0.989457263723033
Test_221,0.9497376312435575,0.022298478514382943,0.024398853762271876,0.003565036479787562
Test_222,2.7736083495583676e-06,4.019292069745438e-06,0.9999931725328547,3.4566725882908236e-08
Test_223,0.00014539035621493089,2.791857403966948e-05,0.999826067566752,6.235029934639822e-07
Test_224,0.9713978025212356,1.2573787077449236e-05,0.026196835956533025,0.0023927877351539676
Test_225,0.9988026147934492,1.2546704121231851e-06,0.0011944260816972338,1.7044544416335774e-06
Test_226,1.0050108305101188e-06,0.00012214107470331562,0.9998768096048761,4.4309589890892415e-08
Test_227,0.0011024035164348255,0.0004549100395031195,0.000615322609315421,0.9978273638347467
Test_228,5.078981206708278e-06,5.015446830722921e-07,0.9999944160093227,3.4647875333163726e-09
Test_229,1.3826253960000727e-07,4.84446112180256e-06,0.9999949851657369,3.211060176249336e-08
Test_230,0.014923864752987051,0.0026227033320125144,0.013130816470605561,0.9693226154443949
Test_231,7.205218884293641e-05,3.700803269603877e-05,0.00021019482563003287,0.999680744952831
Test_232,0.9997769624046653,2.813574248719889e-07,0.00022229345972868547,4.6277818109807576e-07
Test_233,0.996604593289766,8.170997987829009e-07,0.0033667038593799335,2.7885751055337614e-05
Test_234,0.00025115763863069076,2.0205826666832488e-05,0.000530583116298363,0.9991980534184042
Test_235,0.00022192081167218293,0.00041520493830441736,0.00035592697054032184,0.999006947279483
Test_236,0.0003936649476730235,0.005470829868800247,0.994115456951228,2.004823229875767e-05
Test_237,0.024073667422929976,0.3359231151620491,0.4853593539387516,0.15464386347626935
Test_238,1.5325723380764553e-06,3.2583148974438176e-05,0.9999658568453782,2.743330927776355e-08
Test_239,1.1424122233732425e-07,1.0701865687091486e-06,0.9999988111183918,4.4538170533657914e-09
Test_240,1.2215729995189416e-05,1.492963933543884e-05,0.9999728300989109,2.4531758330448173e-08
Test_241,0.0001695148757605284,0.00035031374815829816,0.998619902608432,0.0008602687676491659
Test_242,0.8849214355730701,0.007262164658764267,0.0026353728430795692,0.1051810269250858
Test_243,0.9996056659727708,1.413618163634528e-07,0.0003905803939648693,3.6122714479804665e-06
Test_244,0.001044147348420914,0.01824530817108565,0.21917942279209812,0.7615311216883953
Test_245,4.468228366391127e-05,0.001132833355296825,0.9987974651751963,2.5019185843047896e-05
Test_246,7.169181992769195e-05,3.114570128238205e-05,0.0001311924059337255,0.9997659700728563
Test_247,0.00030704139981994313,0.0005809161913412226,0.001222963913503108,0.9978890784953358
Test_248,0.18353771306867844,0.533315131041924,0.2278817061337383,0.055265449755659245
Test_249,6.329820945316666e-05,3.40922224137712e-05,0.9998825112872192,2.009828091379894e-05
Test_250,0.9997406888481135,4.932214635018334e-06,0.00025369909204503254,6.798452064924507e-07
Test_251,0.9817432480252041,5.019714809773938e-05,0.017752623268188102,0.0004539315585101131
Test_252,0.006680136150854567,4.033569614930532e-05,0.9932787955970602,7.32555935873365e-07
Test_253,0.006451499816875473,0.012683000641561793,0.034425243616698485,0.9464402559248644
Test_254,0.00170425258397276,0.0007035627510995603,0.00438405925473368,0.9932081254101939
Test_255,0.002530416995206394,0.00032440703215114576,0.0005051934273114862,0.9966399825453309
Test_256,0.00018203503781974857,0.0024825068630448463,0.0015854489385423976,0.9957500091605931
Test_257,2.7733824230561356e-07,4.0518294621177675e-06,0.9999956687110119,2.1212837799907226e-09
Test_258,0.00013448756560507268,0.00028028506323353713,0.9995850836870716,1.4368408995676258e-07
Test_259,0.4573024510820974,0.0014491620702827754,0.4070544717350133,0.13419391511260664
Test_260,0.0032664826676984523,1.1905042957310749e-05,0.0002437991677784913,0.9964778131215657
Test_261,6.084309792472479e-08,1.909876157389579e-06,0.9999979872029502,4.207779456568959e-08
Test_262,0.02252219621738757,0.10439209352050048,0.6028569614655942,0.27022874879651776
Test_263,0.9998393569697017,1.8442686524221757e-06,0.00014082196589506249,1.7976795750561668e-05
Test_264,0.9951936954642774,2.343224674087647e-06,0.004801678998984066,2.2823120643207496e-06
Test_265,0.00021139940934948953,7.139236455223361e-05,0.9997169352762522,2.7294984608581856e-07
Test_266,2.1863780883161726e-05,4.97249912644743e-06,0.00013108036045647578,0.999842083359534
Test_267,0.9994011675395525,2.157980470768167e-07,0.0005963669043720358,2.2497580284014058e-06
Test_268,1.298547862842514e-05,0.0513572957386353,0.9485972151845349,3.250359820142174e-05
Test_269,0.9640143099096395,8.56470502927631e-05,0.034678649553139894,0.0012213934869276973
Test_270,0.001685889826948071,2.282172769999099e-05,0.00016917518941053183,0.9981221132559415
Test_271,0.9374298200413205,8.830726062752062e-05,0.06243014962223012,5.1723075821930534e-05
Test_272,0.0004981098370131369,0.008663964789763518,0.9908361960477152,1.7293255081524158e-06
Test_273,0.9999094381954682,2.572243007118869e-06,7.222675234331224e-05,1.576280918161107e-05
Test_274,7.815679212593047e-05,5.167341925880183e-06,0.9999140070033758,2.668862572412585e-06
Test_275,3.536503033246043e-05,0.0014957687208156103,0.9984681654238422,7.00825009576527e-07
Test_276,0.015600590747378056,0.008134314247315939,0.023951602136405886,0.9523134928689002
Test_277,0.01748479674361551,0.8323929303583721,0.128735833251902,0.02138643964611037
Test_278,0.001804270151283346,1.8861583227202286e-05,0.001745987122738173,0.9964308811427514
Test_279,1.5749119218510285e-07,5.771643464719925e-08,0.9999997809530912,3.839282060317131e-09
Test_280,0.0010807036261912515,0.000174559409537096,0.0006302480204556444,0.9981144889438159
Test_281,6.675885393059251e-05,5.6578751393611224e-05,6.486985316174709e-05,0.9998117925415141
Test_282,0.019478419169137843,0.8465446735341451,0.1290207841806762,0.004956123116040952
Test_283,1.4765459343867389e-06,1.06859261148608e-06,0.9999974433299565,1.1531497497672893e-08
Test_284,4.8853042432086004e-05,6.461949222004154e-05,0.999886416011324,1.114540240473974e-07
Test_285,0.0041295132884627325,6.4984658124866e-05,0.0018866530302716882,0.9939188490231408
Test_286,5.018895044062912e-05,9.321124211274576e-07,0.00025937515887800104,0.9996895037782603
Test_287,0.03771595963981466,0.006929016581467877,0.9546036722704945,0.0007513515082230992
Test_288,2.902539278955538e-05,5.588839522412113e-05,0.00016035175851459086,0.9997547344534716
Test_289,0.00010279016818269032,8.8229075380144e-06,0.00033346813010203045,0.9995549187941772
Test_290,2.2720399505719686e-06,2.4113741020169404e-05,0.9999735782218774,3.599715184609515e-08
Test_291,6.6001656587034e-05,2.038753830236652e-07,0.999933774917569,1.955046089269498e-08
Test_292,0.9884156373426227,1.2737898389361996e-06,0.011574440761486737,8.64810605160141e-06
Test_293,9.632459106387734e-07,3.6390554747730913e-06,0.9999953814987704,1.6199844069321646e-08
Test_294,4.2555754209427804e-06,1.4523150806078945e-06,0.9999941901986981,1.0191080045952134e-07
Test_295,4.750303125736255e-05,5.32800676582375e-06,0.9999470199208849,1.4904109193148706e-07
Test_296,0.04713548145789842,0.006331271418865141,0.8903043748556512,0.056228872267585356
Test_297,0.00012904365296597758,3.0736886666148905e-06,5.955203404210652e-05,0.9998083306243253
Test_298,3.1297247619496646e-05,0.04500404507648278,0.9547562657361035,0.0002083919397941471
Test_299,0.004103432957138655,0.8042948295552637,0.1851168306458547,0.0064849068417430974
Test_300,0.7587148553313964,0.0002611245430876174,0.021213450069163812,0.21981057005635232
Test_301,0.9706521857161888,8.306224246225972e-06,0.02933392603333088,5.582026233928874e-06
Test_302,0.00036928430708891744,0.00017081371804670314,0.0009386252959243894,0.9985212766789399
Test_303,0.9997144626200521,9.80846574027518e-07,0.0002214468969536227,6.310963642024006e-05
Test_304,0.999916988690874,3.513434131166665e-06,7.690721012217076e-05,2.5906648726398128e-06
Test_305,0.9984848864186552,0.0001006652401999963,0.0014020232303571184,1.2425110787741367e-05
Test_306,0.000799509310742806,0.0006742951289733374,0.006372813696216447,0.9921533818640674
Test_307,0.9578583007038229,2.229030014516443e-06,0.042136339736007826,3.130530154910649e-06
Test_308,0.18883561199334697,0.0005460633201706007,0.007969397663172366,0.8026489270233101
Test_309,0.0022899486943502366,0.0008294111232042869,0.9967895259512406,9.111423120502929e-05
Test_310,0.001234369686400432,0.004016969563457266,0.994727019345257,2.1641404885308896e-05
Test_311,0.004574665471198007,0.027335257849605644,0.9680401838119244,4.989286727196939e-05
Test_312,1.0096832184723583e-05,6.403827686914208e-06,0.0001914612247446076,0.9997920381153839
Test_313,8.777365456288406e-06,4.956958502947445e-06,5.646523084738615e-05,0.9999298004451934
Test_314,0.021036695227634086,0.0010528408848989811,0.2464092547660536,0.7315012091214133
Test_315,0.1746383320592641,6.379883598711194e-06,0.001537593475119937,0.8238176945820173
Test_316,1.4735086148327941e-05,0.00020005870064241082,0.9997851816023479,2.4610861424309885e-08
Test_317,3.831283284508436e-06,3.5580403867090935e-06,0.9999921640336318,4.4664269698248756e-07
Test_318,0.02767517361201886,0.018365621710215854,0.014925467828162491,0.9390337368496029
Test_319,1.0248109320744677e-07,9.583142963827636e-07,0.9999989329604481,6.244162297966285e-09
Test_320,4.744617666029753e-06,5.501930537358723e-07,0.9999946718224194,3.336686094759812e-08
Test_321,0.9992466386313115,3.145488571804568e-05,0.00025862606340473017,0.0004632804195658508
Test_322,0.9309015031905051,7.207556235871049e-06,0.06906873335242844,2.2555900830607425e-05
Test_323,0.032351397212104505,0.0005145481797138027,0.9671332671425158,7.874656658238314e-07
Test_324,3.0213972492056956e-05,1.0010098567757606e-05,0.9999597508968511,2.5032089215836615e-08
Test_325,0.002511336784149263,0.00022200573484586482,0.0007632550474036006,0.9965034024336012
Test_326,3.4047831327087334e-06,7.271058295208109e-07,0.9999958058944161,6.221662186327926e-08
Test_327,0.0001679921859193504,8.659772599300662e-05,4.71243458795149e-05,0.9996982857422082
Test_328,8.03585921846085e-06,8.287964421410334e-06,0.999983627527224,4.864913589742351e-08
Test_329,2.4164427077044158e-06,1.9376970040104725e-06,0.9999956029445215,4.2915766689102685e-08
Test_330,5.855198762070457e-07,7.493452258820547e-06,0.9999918918324073,2.9195457560368322e-08
Test_331,0.9495620283740078,0.02225200433496567,0.026600927690948902,0.0015850396000777383
Test_332,0.9868500507616245,3.2396714612434344e-05,0.013059379508207956,5.8173015554991445e-05
Test_333,5.803201848795945e-05,9.783428885069498e-05,0.9998427663561451,1.3673365162800722e-06
Test_334,8.942998064530984e-08,2.4214763065104537e-07,0.9999996656177047,2.8046839607749865e-09
Test_335,0.9995061290794749,3.2865164774839216e-07,0.0004893348909336983,4.207377943878348e-06
Test_336,4.01645464263414e-06,1.2536295632855112e-06,0.9999947168149294,1.3100864759576197e-08
Test_337,0.9995661619007016,3.3533897585983685e-06,0.0003599933025287408,7.049140701111822e-05
Test_338,0.9988205703837238,7.958085849191351e-08,0.0011469688736921177,3.23811617254747e-05
Test_339,3.0781725901405625e-06,9.448458613143558e-06,0.9999874190864124,5.4282384229308315e-08
Test_340,6.172888623788575e-05,1.21598927365782e-07,0.9999371746602818,9.74854552918201e-07
Test_341,0.9949081922393408,2.1075785393573693e-06,0.005036753823430939,5.294635868882003e-05
Test_342,0.9994311266019432,5.029213180548044e-07,0.00056063741641485,7.733060324028776e-06
Test_343,0.917034113397613,0.0012363082049499264,0.047551276318892464,0.034178302078544706
Test_344,7.716354097658929e-07,1.988005322481229e-06,0.999997234654867,5.70440067444611e-09
Test_345,0.000444386264824843,0.00023100586759072377,0.9993243629414831,2.4492610118918407e-07
Test_346,1.25633618921069e-07,1.816949360591204e-06,0.9999980564787659,9.382546342958917e-10
Test_347,2.1989805024702433e-05,3.3768323742535156e-06,0.9999745268700971,1.064925038004937e-07
Test_348,0.0006700893804248569,0.0008724874087810787,0.0001276412809417571,0.9983297819298523
Test_349,4.234621684418222e-06,0.0011290916396331267,0.9988368544168506,2.9819321831877402e-05
Test_350,0.004053038194740031,0.00024350612936532587,0.0008333337281518127,0.9948701219477428
Test_351,3.4736302740414025e-07,2.96871901737756e-07,0.9999993485579637,7.207107053716265e-09
Test_352,0.007500125370525812,0.008620125311441053,0.0019149783982994866,0.9819647709197338
Test_353,0.0023109604789817526,0.01361523710290882,0.9825450474277557,0.001528754990353767
Test_354,1.287960445718458e-05,5.769046821666055e-07,0.9999865340223726,9.468487930063384e-09
Test_355,0.057072218645597306,0.0746184102810682,0.003755031702496068,0.8645543393708385
Test_356,0.9994378577661014,8.060316550745421e-07,0.0005599945490596367,1.341653183859612e-06
Test_357,0.9998701275091849,7.546895779574076e-08,0.00012908941800191337,7.076038555696458e-07
Test_358,0.06595721885217597,0.016068395181647824,0.9179372335249542,3.7152441222039474e-05
Test_359,8.897996128628674e-05,8.212186637156711e-05,0.0011481952033911068,0.998680702968951
Test_360,0.0018832587378469737,3.299030475567986e-05,0.00036376533678734107,0.9977199856206099
Test_361,0.9996208183700258,4.9901304230672635e-06,0.0003124410146418164,6.175048490939611e-05
Test_362,0.9850765267582545,5.0197513354123746e-06,0.014745635155220359,0.0001728183351895095
Test_363,5.027158533105199e-06,7.76508517454104e-06,0.9999871868288531,2.0927439130073596e-08
Test_364,5.17751109053554e-07,2.8787571533132194e-07,0.9999991854113032,8.961872478165498e-09
Test_365,0.00011457142476439846,4.459479873336618e-05,0.9998408267600567,7.01644556034831e-09
Test_366,0.0009987968159622415,3.273738350841991e-05,0.9989677859118633,6.798886660621687e-07
Test_367,0.0005343112831599679,0.00018245775850724,0.0027547751848282717,0.9965284557735046
Test_368,0.9988748839671712,4.1093312367586923e-07,0.0011222123540254264,2.4927456798144697e-06
Test_369,0.00024875070210258105,0.000522388334557406,0.005888474274743208,0.9933403866885968
Test_370,5.683018882620128e-08,5.998953502356297e-07,0.9999993393288817,3.945579318341531e-09
Test_371,2.6688668671903043e-06,1.7092145338438413e-06,0.999995482755185,1.3916341380446407e-07
Test_372,0.0010172661929931518,0.00034851341207110256,0.004762875670623812,0.9938713447243119
Test_373,7.216019413953895e-08,2.5201062798402485e-07,0.9999996747038066,1.1253711638727463e-09
Test_374,3.852972346853568e-06,2.3352739042211966e-05,0.9999719423938376,8.518947735100166e-07
Test_375,0.0005545298237415841,5.67469745825427e-05,0.00013403530409276124,0.9992546878975831
Test_376,0.9993639428021099,2.2834729694450485e-07,0.0006332075680870199,2.621282506283351e-06
Test_377,0.994910663601671,1.6981601810293713e-06,0.005067103358661376,2.0534879486451575e-05
Test_378,1.469421895468447e-07,6.224047116677584e-07,0.9999992265422502,4.110848374242454e-09
Test_379,3.5328814882315425e-05,0.0002450331430161537,0.9997191178249313,5.202171702094175e-07
Test_380,0.00047325517131333706,0.0006575791225057438,0.0005430500033744779,0.9983261157028064
Test_381,0.47283437475540196,0.004058692608321944,0.47695023689574484,0.04615669574053137
Test_382,0.00024462799221188815,7.827952549220624e-05,0.000318195985953929,0.999358896496342
Test_383,0.9970234695496399,3.207979708614795e-05,0.0027491507395417296,0.0001952999137324346
Test_384,2.087358429251592e-07,1.336545850345632e-07,0.9999996557166992,1.8928728481678164e-09
Test_385,0.01518995090734304,0.018163226425673997,0.19990545125144488,0.766741371415538
Test_386,7.066629894096e-07,0.0023337569246071055,0.9976635063028229,2.0301095805816637e-06
Test_387,0.00043284669133950005,0.014066066179789229,0.023282977505324598,0.9622181096235467
Test_388,0.9615431988894213,0.0021003729866562976,0.012304436847530744,0.024051991276391738
Test_389,0.918129142562875,8.024832910253244e-06,0.08186208386960023,7.487346144486584e-07
Test_390,0.7307457650860459,3.443121760093086e-05,0.2270086703857299,0.042211133310623115
Test_391,0.003336481760455659,0.0008323457985742366,0.9958304597350451,7.127059249745657e-07
Test_392,3.991929335075059e-06,1.5586531469016523e-06,0.9999944053347797,4.408273808007754e-08
Test_393,0.05615744254523547,0.0409326229866005,0.26518782133235913,0.6377221131358048
Test_394,0.00010987550284326228,1.4640275669789561e-05,9.822930100505068e-05,0.999777254920482
Test_395,4.691171531621891e-05,0.00015153350586925886,0.9998014914266644,6.3352150047627e-08
Test_396,0.0025258637839289627,0.0008866539694051984,0.02526332881509366,0.9713241534315722
Test_397,0.09724558936987683,0.0001424718069359963,0.13515271009852495,0.7674592287246621
Test_398,3.716086647831412e-07,6.54751459431205e-06,0.9999930249353385,5.594140236101435e-08
Test_399,0.22027128925413741,0.0006912620179810034,0.007144739232800921,0.7718927094950807
Test_400,3.063849121515705e-07,1.1814772366121728e-06,0.9999985032270465,8.910804821019397e-09
Test_401,5.982653521345629e-05,6.458183045614808e-06,0.9999337097575297,5.524211253881135e-09
Test_402,4.040114301701452e-05,1.3232623880464581e-05,5.173388204410785e-05,0.9998946323510585
Test_403,1.9247768717188717e-05,1.0187836174970196e-05,0.9999702180236631,3.4637144472137857e-07
Test_404,0.00786054471383464,7.792404994368261e-05,0.005261185420331213,0.9868003458158904
Test_405,7.908359897636588e-05,1.2638956603774589e-06,0.00020105691532646577,0.9997185955900367
Test_406,0.0001435043220648908,6.56568449502554e-05,0.00025802193799198475,0.9995328168949928
Test_407,3.737505085700867e-05,9.723025435098972e-05,0.00015483644538770658,0.9997105582494042
Test_408,0.00018075496199642543,5.309564782341829e-05,8.901225096336595e-05,0.9996771371392168
Test_409,3.0893364981614176e-06,7.28418655018579e-07,0.999995852284665,3.2996018176208056e-07
Test_410,0.0031465179623772744,4.4285499404563914e-05,0.0002845636976778304,0.9965246328405404
Test_411,0.9998740796658911,1.133397268617552e-07,0.00012455121397365155,1.2557804085614272e-06
Test_412,0.0012359999781445328,0.041478264976514155,0.9571573436639962,0.00012839138134511895
Test_413,0.9949837751823815,1.570201546108664e-06,0.004957891448218843,5.67631678537916e-05
Test_414,2.213800264580899e-08,1.1678744475949524e-06,0.9999988046375612,5.349988476086555e-09
Test_415,2.2926601419770377e-07,1.145332461533378e-05,0.9999882126742246,1.0473514596649713e-07
Test_416,0.1891217239513531,0.004226234710938901,0.7790735609353869,0.027578480402321106
Test_417,1.1699087355683031e-07,3.059544869296722e-07,0.9999995722986734,4.755966062079344e-09
Test_418,0.9999537568448045,7.308707064462484e-07,4.353378113420452e-05,1.978503354847876e-06
Test_419,0.9881972322109053,1.09987473395681e-07,0.011801989199966683,6.686016549069498e-07
Test_420,2.5027574738629718e-05,0.0023801973796204043,0.9975944593755735,3.156700674523142e-07
Test_421,9.552512172675112e-05,9.490169612209602e-05,0.001484383470759388,0.9983251897113917
Test_422,0.23331443093102033,0.021481480277144423,0.0128969263050963,0.7323071624867389
Test_423,0.00027823513694855595,0.0001166841170343346,0.9995992185480489,5.862197968249873e-06
Test_424,1.8563810806771407e-07,8.19913989734592e-06,0.9999915989939459,1.6228048775246108e-08
Test_425,0.9312844342853015,0.024339835261665006,0.015096829833400244,0.029278900619633154
Test_426,1.5038470522553263e-06,1.202183835919177e-07,0.9999983540497499,2.188481444479393e-08
Test_427,0.0005545069600501387,0.00016138326808895964,0.000719709753511814,0.998564400018349
