image_id,healthy,multiple_diseases,rust,scab
Test_0,3.8969823187101265e-07,0.0004511425995427393,0.9995484608991666,6.803058833441283e-09
Test_1,2.043618063181488e-06,0.0004525729594073435,0.9995452718559202,1.1156660915160857e-07
Test_2,5.094342433944773e-05,0.0003203715928966977,8.959745242379395e-05,0.9995390875303402
Test_3,0.9983384521318154,3.346900192398754e-06,0.00157881436282633,7.938660516596374e-05
Test_4,2.7278442471658065e-07,7.032765695672472e-05,0.9999293929551231,6.603495584322189e-09
Test_5,0.9970750533668985,0.00028249000385391175,0.0016136003790718169,0.001028856250175656
Test_6,0.9942814551930013,2.7936028538906015e-05,0.005642495988772347,4.8112789687324724e-05
Test_7,2.0321704424205447e-05,0.0039453770167720776,0.00012857643952794508,0.9959057248392759
Test_8,0.0014361697464687993,0.5654532363626867,0.012554944841329106,0.4205556490495152
Test_9,6.667348380938791e-07,0.00018701137623320928,0.9998120855237589,2.3636516969973994e-07
Test_10,4.504858299252892e-05,0.00264485640631008,0.9973033928757113,6.702134986131661e-06
Test_11,0.9603554242965734,0.00013223644387001018,0.038843851094056484,0.0006684881655001251
Test_12,0.7520274927749456,0.0080214153646564,0.03202388001067861,0.20792721184971938
Test_13,0.8536762102663593,0.0037063297764891702,0.13940762755969857,0.003209832397453001
Test_14,2.306721535045104e-06,0.00031294684349586336,0.999684730711654,1.5723315202696373e-08
Test_15,1.8874003734244192e-05,0.00022894841561128733,0.9997521532420305,2.433862396780633e-08
Test_16,0.9580326637335493,0.0017278930494353413,0.03223779123673361,0.008001651980281856
Test_17,0.07598684608805142,0.16363807909974257,0.14762385385702073,0.6127512209551853
Test_18,0.6495703608878766,0.0244017365485514,0.1270427662090953,0.19898513635447682
Test_19,9.874752935639462e-07,0.0004208493410955597,0.999577761368314,4.0181529693182954e-07
Test_20,0.0013864663545463418,0.0014944606915865072,0.0005848739654111323,0.9965341989884561
Test_21,0.9877812469538246,0.00034300770276128546,0.01018828397644446,0.001687461366969571
Test_22,7.092237102542044e-05,0.0008333475449314834,0.9990949308924968,7.991915463290334e-07
Test_23,4.3329789108303885e-06,6.849700618442883e-05,1.0810352274645523e-05,0.99991635966263
Test_24,0.9836849312868655,0.002302308011689376,0.011545698379454275,0.002467062321990785
Test_25,0.0003864474592640607,0.0005613959942870316,8.990305523487694e-05,0.9989622534912139
Test_26,0.7783726555205094,0.0021157790397019456,0.004687613488360539,0.2148239519514282
Test_27,1.5182375420925155e-07,0.0005982015094311541,0.9994015588427038,8.782411087072661e-08
Test_28,0.9990944083245782,1.4904061012386571e-05,0.0008663157757326242,2.437183867686431e-05
Test_29,0.00024293150579137053,0.11337718495889895,0.8849624792075854,0.0014174043277242652
Test_30,0.9944223048832321,0.0003744698002947861,0.004959579834623063,0.00024364548185014818
Test_31,5.5706860555812074e-05,0.010825107382119495,0.9890995510584322,1.963469889262454e-05
Test_32,0.018406911903835244,0.012088945118870011,0.04479429545966814,0.9247098475176266
Test_33,0.002003987981631277,0.0019361598186488495,0.0034289138671519804,0.9926309383325678
Test_34,0.001267922733017205,0.003121704125775789,0.0005400172559951387,0.9950703558852119
Test_35,0.0006328971610494326,0.000685947870786903,3.559299682030029e-05,0.9986455619713434
Test_36,1.610717670046409e-05,4.233731178022156e-05,0.9999415461429815,9.368537934604051e-09
Test_37,0.15185418370729292,0.0027479081626021473,0.0011106902576637685,0.8442872178724411
Test_38,0.004060108760515358,0.007642546919534885,0.002631622964863782,0.985665721355086
Test_39,0.00046903626947001297,0.0007767420913944837,0.9987474060411571,6.815597978405023e-06
Test_40,6.656451679802564e-06,0.0004644902734106122,0.9995287820938462,7.118106315933732e-08
Test_41,4.355911068592512e-07,0.0001847867036182734,0.9998147650224123,1.2682862612491239e-08
Test_42,0.0005198154961622505,0.0008325449722468982,0.00022293124096371222,0.9984247082906272
Test_43,0.0005456603314085823,0.0002474206418472883,0.9992055310575468,1.3879691973369032e-06
Test_44,0.16992664314015257,0.14152464684894284,0.0880301926918036,0.6005185173191011
Test_45,0.012594159028116308,0.34974628271128233,0.4709867445812521,0.16667281367934927
Test_46,0.7239458981407634,0.05067647275694394,0.04916602620757302,0.17621160289471963
Test_47,4.341228509542475e-05,0.00031174480760352743,0.9996433942222216,1.4486850795177734e-06
Test_48,0.0002546174021734878,0.00044653887111746236,0.9992983697108426,4.7401586637790967e-07
Test_49,0.007306392063247044,0.0008593296597996899,0.9918096581940467,2.4620082906545332e-05
Test_50,1.2775363761414061e-05,0.0033729536589743726,0.9966097973658503,4.473611413996538e-06
Test_51,1.016985029581046e-06,0.0004802118060693285,0.9995187336858624,3.752303882132946e-08
Test_52,4.784861198243117e-06,0.0001495920899297404,0.9998456196971289,3.351743230215075e-09
Test_53,8.530892508194955e-06,0.00019526493225707764,0.9997961900766994,1.4098535475633862e-08
Test_54,0.04409224126767303,0.04256854124561665,0.9128961691015418,0.00044304838516835883
Test_55,0.00025993704145659316,0.006304420023309537,0.003300053154192814,0.9901355897810411
Test_56,0.002202199848123539,0.01645412518714179,0.001251734472394855,0.9800919404923398
Test_57,0.9835020908425622,0.0007601244478587611,0.015370202641450607,0.00036758206812850927
Test_58,0.00014338772652556275,0.0005959413921966109,0.0002503743234826706,0.9990102965577952
Test_59,0.000374053766495118,0.05345791666089411,0.9454078407982045,0.0007601887744064595
Test_60,0.0001843521269755441,0.0252665513387451,0.03350278430799288,0.9410463122262865
Test_61,0.9959462677159944,2.1511153767647064e-05,0.003931827675135804,0.00010039345510200881
Test_62,0.03734722564111427,0.09554167156372542,0.7270146582359298,0.1400964445592305
Test_63,0.179375855887374,0.025133080931188326,0.5555122668499767,0.2399787963314612
Test_64,0.7563713392588406,0.025168533810540843,0.10371338917581181,0.11474673775480669
Test_65,7.97063340599842e-05,0.004466576767204769,0.9954479582294286,5.758669306749045e-06
Test_66,0.996474630597898,5.6783795441192984e-05,0.0034634649420637073,5.120664597195919e-06
Test_67,0.0023612778900235706,0.006711061033332409,0.990865902825405,6.17582512390083e-05
Test_68,0.0003618513258187946,0.09364524607960557,0.028547852378705354,0.8774450502158703
Test_69,7.934309612102656e-07,0.0007389596104422732,0.9992602350154445,1.1943151928688968e-08
Test_70,0.00032457275393623134,0.000659766936009597,0.0006588179162591251,0.998356842393795
Test_71,0.0003751916113089425,0.0002109713129162575,0.9994137651918028,7.188397179804513e-08
Test_72,0.06769738923968409,0.0079497200944531,0.01109391389221054,0.9132589767736523
Test_73,0.998046030103516,2.5519776621347517e-05,0.0019064238734130452,2.202624644966111e-05
Test_74,0.9908904970565159,0.0006426852532617338,0.0009389563755510862,0.007527861314671261
Test_75,0.050785932443215956,0.1868763839963501,0.09419945409214028,0.6681382294682937
Test_76,0.9865762422281206,0.00015252305262962543,0.013035796943549097,0.00023543777570079514
Test_77,0.0002979353659422456,0.0003283220177650682,0.9993734512485168,2.913677759401793e-07
Test_78,0.00028702561470924666,0.10058800258201894,0.0008870530525952073,0.8982379187506766
Test_79,0.07491524376015668,0.012553056303893905,0.0019552943937684144,0.9105764055421809
Test_80,0.00012577195670160224,0.046917212102639314,0.9527009685974566,0.0002560473432025703
Test_81,9.33215129972915e-07,0.0003163561913895597,0.9996825961538129,1.1443966755551195e-07
Test_82,0.0071573272134554,0.01140808677281894,0.9810618687859949,0.0003727172277309083
Test_83,7.098073997249752e-06,0.0054086650950367415,0.9945665362916564,1.7700539309660725e-05
Test_84,0.22050563685510868,0.020400323004269017,0.006912925250403284,0.7521811148902191
Test_85,0.547424041389753,0.018060413189989674,0.1190649789547052,0.3154505664655521
Test_86,1.1119192633460293e-05,0.002133541725043135,0.9978551692540428,1.6982828054526082e-07
Test_87,0.9801343997655857,0.0007719686339191574,0.01799529239175873,0.001098339208736264
Test_88,0.4788983645692297,0.1319370391544056,0.1985522993405513,0.19061229693581347
Test_89,0.8530148835110412,0.010985881398160771,0.005727638044303382,0.13027159704649477
Test_90,1.5227667283852221e-05,0.002860767866607018,0.9971237386060645,2.658600445677852e-07
Test_91,0.9987503567652665,2.843934800139876e-05,0.0009902628828556833,0.0002309410038763632
Test_92,0.9695533050411114,0.00022202989103364248,0.029517981575097618,0.0007066834927574623
Test_93,2.246973427545689e-07,0.0004933914254182191,0.9995063690163649,1.4860874129980616e-08
Test_94,2.801902881103518e-06,0.00033416869566929005,1.9848023299718197e-05,0.99964318137815
Test_95,0.9815045356484758,8.78155311372858e-05,0.018375182880925583,3.2465939461156866e-05
Test_96,0.0002455115377485784,0.0006189081163556415,0.0005069006354379037,0.9986286797104579
Test_97,0.9794020079390292,0.0004045475075129034,0.01909638048805222,0.0010970640654057045
Test_98,0.03798703221479286,0.2386076515420386,0.32135831463115433,0.40204700161201423
Test_99,0.04925709126684965,0.009521698247890082,0.0030657956532534015,0.9381554148320069
Test_100,0.00022957597665603776,0.00041401777915559646,2.1269979471172066e-05,0.9993351362647173
Test_101,0.9984916649446562,6.237567489230281e-05,0.0012010192059375019,0.0002449401745139853
Test_102,0.39111569054061723,0.0038883669886347234,0.08444852416001934,0.5205474183107286
Test_103,0.27345526534514414,0.18743198954457635,0.21690762933812419,0.32220511577215527
Test_104,4.544222440070897e-07,0.000361048282655467,2.2891467189003394e-06,0.9996362081483817
Test_105,0.01662212518360625,0.001433613942405236,0.0014210578489695048,0.9805232030250189
Test_106,0.9963351288075148,0.00010482248083935011,0.0034977614688985422,6.22872427471543e-05
Test_107,2.7934710264785104e-05,0.017088001051198624,0.9827858400832568,9.822415527982684e-05
Test_108,0.0005970206535562946,0.0028518704242384684,0.0007937012863010834,0.9957574076359043
Test_109,0.7547544145943036,0.06398134535317422,0.10298755370095032,0.07827668635157206
Test_110,0.9979919556592363,8.702373450345343e-05,0.00035669377363722014,0.001564326832622986
Test_111,0.9851684329741152,0.0005754536035490384,0.0017685914010952093,0.012487522021240609
Test_112,0.0016065395703118944,0.00190021028410352,0.9964325215526466,6.07285929378482e-05
Test_113,0.4030589045571432,0.1823902670833198,0.07605557495957424,0.3384952533999626
Test_114,0.017563126045881342,0.2007074075595318,0.19640648900564095,0.5853229773889459
Test_115,1.604460808883451e-05,0.0003701936937496883,0.9996134181472853,3.43550876285136e-07
Test_116,0.14584197852451394,0.010560470044238697,0.8424901724312058,0.0011073790000416363
Test_117,4.323140729894502e-05,0.0008193936382496684,0.9991370340113828,3.409430687584756e-07
Test_118,5.354186039835636e-06,0.00016547097082016333,0.9998290959940661,7.88490739804416e-08
Test_119,0.9895032277644037,0.0011301899088426764,0.009171057675472464,0.00019552465128110878
Test_120,2.2803810330356647e-06,0.00012448383082319062,0.9998731823053331,5.3482810628564114e-08
Test_121,0.005098966069046666,0.04412002682241596,0.9501858098706464,0.0005951972378910783
Test_122,0.00011137774189787167,0.0015107037814530446,0.9983720899881603,5.828488488780967e-06
Test_123,1.203751538305644e-06,0.0016665115439798489,0.9983322148214234,6.988305852009688e-08
Test_124,0.29193951351267783,0.007924039004903665,0.003542297671240123,0.6965941498111783
Test_125,0.14409617183690304,0.2167213235817163,0.08964110835328234,0.5495413962280983
Test_126,0.9730643185151046,0.0001712787770413868,0.026744388457434518,2.0014250419560622e-05
Test_127,0.7999396974254612,0.0018838469376834832,0.06078999875139264,0.1373864568854629
Test_128,0.0014441601804137062,0.014467068683689839,0.9823387514149682,0.0017500197209282047
Test_129,0.0005846928256399157,0.01490946625980566,0.9844098095471605,9.60313673940251e-05
Test_130,3.469035808414137e-05,0.0020143526759259433,8.61805251824329e-05,0.9978647764408076
Test_131,0.0003758594963014412,0.00021423223215501187,1.0626861764699457e-05,0.9993992814097787
Test_132,0.9971641255738025,4.486110546476395e-05,0.002513259176361516,0.0002777541443711668
Test_133,0.00013538661157299313,0.0002984888294618022,2.3100509744757786e-05,0.9995430240492205
Test_134,0.10064930773718443,0.004120765811570358,0.009037237872333242,0.8861926885789119
Test_135,0.001098191193268344,0.003664760485194828,0.9951941251160885,4.29232054480897e-05
Test_136,1.0125329793612646e-05,9.179617794692364e-05,2.8696779206144003e-05,0.9998693817130534
Test_137,1.950503610596076e-06,0.00040705563655232086,0.9995907911060866,2.0275375053018874e-07
Test_138,8.113909094803284e-07,0.00011935764716856401,0.9998798217548507,9.207071437837321e-09
Test_139,0.9998807840215691,6.12890710289346e-06,0.00010461634697914969,8.470724348939431e-06
Test_140,0.0013760775308591395,0.014033799553005093,0.9841267664650446,0.00046335645109117315
Test_141,0.23868791869228612,0.0028438130244265044,0.01253389179692311,0.7459343764863644
Test_142,0.016784350563900898,0.03374531304059505,0.006568296087606259,0.9429020403078978
Test_143,0.7183288511225329,0.010852318266544139,0.046459026082752944,0.22435980452816995
Test_144,0.9583022586472179,0.00015254591556477872,0.041511605605568255,3.3589831649232715e-05
Test_145,0.34187841557475646,0.02857911267424663,0.005483123769891548,0.6240593479811053
Test_146,3.4107508399445414e-06,0.0002473275928624759,0.9997481442254361,1.1174308614390387e-06
Test_147,3.45150238114503e-06,0.0011134689115479533,0.9988817042784247,1.3753076463081283e-06
Test_148,0.9801276132465103,0.0015932589214754404,0.009645355433079138,0.008633772398934963
Test_149,0.4777496975781946,0.010775584439744974,0.5093936368713301,0.002081081110730341
Test_150,0.347720692134509,0.16446231174047637,0.03968312966549015,0.4481338664595244
Test_151,2.5299560119864233e-05,7.208726223100013e-05,0.9999025344071526,7.877049659978564e-08
Test_152,1.1570291974437708e-05,0.0012091364665612085,0.9987790288124201,2.6442904415587727e-07
Test_153,0.03180493490446127,0.002995132864679348,0.0008286899393229565,0.9643712422915364
Test_154,2.991888144772171e-05,0.0013618012851813863,0.9985983740995583,9.905733812516408e-06
Test_155,7.417102472346345e-06,0.003179978014467293,0.9968123888082767,2.1607478358468028e-07
Test_156,0.007519607614871991,0.0321569782686594,0.04958893833889033,0.9107344757775782
Test_157,0.9467411893958468,0.0011486749012797571,0.050433036942178704,0.0016770987606949165
Test_158,0.0005086539790552938,0.00015333923721487253,5.8445925134572675e-05,0.9992795608585952
Test_159,0.0001624889505175499,0.0012966150017764432,0.9985343719576479,6.524090058256614e-06
Test_160,0.9988680010521821,3.738651690068264e-05,0.0009655802883926737,0.00012903214252457583
Test_161,0.0074756562131556405,0.1297375846967545,0.30346246001544236,0.5593242990746474
Test_162,3.3261176763484835e-07,0.0003034279302736895,0.9996962171762506,2.2281707934445692e-08
Test_163,0.00029724488279627375,0.016834680755926427,0.9826296222772417,0.0002384520840355771
Test_164,0.050601132529542264,0.019500738735879385,0.04255847192530465,0.8873396568092737
Test_165,1.6223526216830426e-06,0.0011441048956206195,1.0070026208035908e-05,0.9988442027255495
Test_166,7.565728213848957e-06,7.721205300579195e-05,0.9999152102589752,1.1959804988565092e-08
Test_167,0.00012660715593506699,0.000605988241264101,0.9992641288048545,3.2757979462211476e-06
Test_168,0.0001723430539077849,0.017444089301380177,0.9808936473922962,0.0014899202524158424
Test_169,0.000137537601299534,0.00013428446411724464,0.99972767462554,5.033090432169877e-07
Test_170,0.5539543906995612,0.073100255475095,0.23166299472677684,0.14128235909856685
Test_171,0.00028703394687421203,0.0009395665049454984,0.9987707024549286,2.6970932517452655e-06
Test_172,1.1954757026933629e-05,0.00816924173709249,0.9918175778033103,1.2257025703266462e-06
Test_173,3.239886909810445e-05,4.470337397078944e-05,0.9999228597667594,3.799017173355587e-08
Test_174,0.8252233819618622,0.006055205538199592,0.05360732763749164,0.1151140848624467
Test_175,0.9363253400636476,0.004194203157829843,0.05334146076367543,0.006138996014847226
Test_176,0.0029880116415394913,0.014451680924566357,0.9823699939319278,0.00019031350196635133
Test_177,2.7201760507341807e-05,0.00019481795358980138,3.9626113477091144e-05,0.9997383541724256
Test_178,0.001912776610470605,0.0007577878438696033,0.0008270928019635975,0.9965023427436962
Test_179,0.006730996993506626,0.007847534400943353,0.9843443977687488,0.0010770708368010766
Test_180,2.498922277426288e-05,0.027992717309019383,0.9719694275116201,1.2865956586285127e-05
Test_181,0.0002341205361089859,0.00362213903322544,0.0015073225904585726,0.9946364178402071
Test_182,7.383273977607133e-05,0.0191567481576824,0.9805327583478006,0.00023666075474099404
Test_183,0.997739715415031,6.924892471319279e-06,0.002045091414147092,0.00020826827835041306
Test_184,0.9470093296179026,0.00038922961334122503,0.04755489566660552,0.005046545102150692
Test_185,0.11108639827732612,0.04518449957132284,0.04589849213921741,0.7978306100121336
Test_186,0.0009987953728718124,0.004468011458026214,0.00044742132802954644,0.9940857718410724
Test_187,4.164146587691943e-06,0.00041649342267341454,0.9995792991815813,4.3249157659692334e-08
Test_188,7.801441781708987e-05,0.000640171355889745,0.9992803024199977,1.511806295581391e-06
Test_189,0.9712869206960418,0.0020693379794224846,0.01603588811039533,0.010607853214140296
Test_190,0.0002513895360881608,0.023129354212929453,0.976610869362823,8.386888159512453e-06
Test_191,0.0012361598717092847,0.00027045055050754454,0.9984596079743411,3.378160344206128e-05
Test_192,0.0411770325802256,0.002167610495003057,0.9563150876252398,0.00034026929953149084
Test_193,8.488816765768521e-06,0.000591756038685688,0.9993993422461181,4.1289843031044734e-07
Test_194,1.4605117653426025e-05,0.0012382856377344963,0.9987467219586286,3.872859835362031e-07
Test_195,0.8817149451893099,0.0015360147363839083,0.11639258759445562,0.0003564524798505512
Test_196,0.04067512858252252,0.10633084388494954,0.018555365727505515,0.8344386618050225
Test_197,6.078347018407058e-05,0.08564810510242114,0.9141547713916044,0.00013634003579035317
Test_198,0.003113633177580246,0.0006347296824112401,2.7224271805763256e-05,0.9962244128682027
Test_199,0.17547151001791111,0.07004892587172343,0.5839083844429795,0.17057117966738586
Test_200,4.630630588646493e-05,0.000538601089734861,0.9994146826289102,4.0997546856456487e-07
Test_201,1.4594762439110835e-07,0.00012709861644873805,3.5259826907242427e-06,0.9998692294532362
Test_202,0.0005194285904750284,0.018933532602511634,0.979425107556812,0.0011219312502012693
Test_203,4.030173136069756e-05,0.002955308683225518,0.9970041768172972,2.1276811657575046e-07
Test_204,0.0004892547893839505,0.0018397310250892185,0.0008618179679818,0.996809196217545
Test_205,0.012965570723224316,0.0007781679428619827,0.0013093369364600808,0.9849469243974537
Test_206,4.441088408349726e-05,7.243618090848511e-05,5.37373635744629e-06,0.9998777791986505
Test_207,0.056112662503460066,0.010988417705426981,0.9253479368155936,0.007550982975519367
Test_208,0.8212561939577363,0.013360221026088921,0.01736044005544376,0.14802314496073105
Test_209,0.00018388373111816888,0.0028251707931324136,0.9969864117144401,4.533761309236782e-06
Test_210,5.800294053964744e-05,0.004738248447415401,0.0015024433272518667,0.9937013052847931
Test_211,4.595479535127049e-07,0.006482333101643187,0.9934945883292906,2.2619021112680538e-05
Test_212,5.15493501886666e-07,3.078289362625591e-05,0.9999686980419537,3.5709181154673904e-09
Test_213,0.0015689677404475842,0.40898158213539865,0.5703755684299957,0.019073881694157933
Test_214,0.00032394318262147885,0.00011614990434611202,0.9995562510061762,3.6559068562257634e-06
Test_215,0.5659826283784046,0.07752101380063278,0.09261558262464023,0.2638807751963224
Test_216,0.9990506088844646,1.5001911564869577e-05,0.0009295019007608329,4.8873032097062365e-06
Test_217,0.00031117102046901126,0.0008151689690302387,0.0004255107861152511,0.9984481492243855
Test_218,0.99938418106813,6.625150567910692e-05,0.0003279578770886292,0.00022160954910227875
Test_219,1.8947022124107566e-06,3.463554622820133e-05,0.9999634690213155,7.302437225759074e-10
Test_220,1.554379992980779e-05,0.0008544946194768822,0.0001430517211858178,0.9989869098594075
Test_221,0.9417562751935917,0.0018907755873284614,0.0518420664440615,0.004510882775018274
Test_222,0.0036280489165509662,0.03695051557473962,0.957752249756571,0.0016691857521384736
Test_223,0.0034005348224785156,0.0016035430935539066,0.9949836593120435,1.226277192420003e-05
Test_224,0.0690701893702875,0.008244007499342454,0.873010319660057,0.04967548347031286
Test_225,0.9799723778802443,7.750930446652006e-05,0.019916657165019343,3.345565026976737e-05
Test_226,2.665521921476161e-06,0.002641216739341738,0.9973556136281495,5.041105873311508e-07
Test_227,4.5967955728463915e-05,0.00020611104113688188,8.596595801043304e-05,0.9996619550451243
Test_228,2.089007808086008e-06,6.505318599894223e-05,0.9999328512026996,6.603493232081701e-09
Test_229,1.8953004400265244e-05,0.0038386642011303588,0.9961397790926851,2.603701784234054e-06
Test_230,0.041752777609404115,0.012840883039522194,0.011013354663686848,0.934392984687387
Test_231,0.00046011985816466817,0.0002913682265736739,4.693694916676233e-05,0.999201574966095
Test_232,0.9991399440085693,2.1985420952597474e-05,0.0008283155829197108,9.754987558279602e-06
Test_233,0.9654130365096889,8.700494815480706e-05,0.032133408528611795,0.0023665500135444926
Test_234,0.02774300254421299,0.0007609076493715476,0.0005691529262853756,0.9709269368801301
Test_235,0.0003136175781287677,0.002869488125094802,0.0009013593089863491,0.99591553498779
Test_236,0.0001200552371120738,0.01100694728876249,0.9888690900101087,3.907464016653458e-06
Test_237,0.024383757676197965,0.10243825318893804,0.11528135192728925,0.7578966372075748
Test_238,5.708188996077855e-06,0.00027249515392087066,0.9997214545942666,3.420628163904607e-07
Test_239,4.661322758435445e-07,0.000588712995871608,0.9994103237233809,4.971484716260316e-07
Test_240,3.32214452752345e-06,0.002566617234798458,0.9974298888732446,1.7174742935899012e-07
Test_241,0.00020763913880639365,0.19178688259732438,0.7848186235246033,0.023186854739265968
Test_242,0.12269702202638531,0.07808958897880736,0.0057196797993602794,0.793493709195447
Test_243,0.9988718621466492,8.012875025045993e-06,0.0011050417213031402,1.5083257022436835e-05
Test_244,0.12399723934653481,0.059076114860681976,0.22698978155351313,0.58993686423927
Test_245,4.586836012527763e-05,0.005976252303570958,0.9939476633640416,3.0215972262177128e-05
Test_246,0.0011731091688166827,0.002101083186684444,0.0014952734442056869,0.9952305342002932
Test_247,1.1974741493744587e-07,0.0001276785961853064,5.425508644903375e-06,0.999866776147755
Test_248,0.4516184484919798,0.24050212111987704,0.19685532041798062,0.1110241099701625
Test_249,0.0006317381572962822,0.02298998610403192,0.9760659087789171,0.00031236695975459276
Test_250,0.9831462447186661,0.0001260942250047586,0.016713940577001363,1.372047932781719e-05
Test_251,0.948534803370381,0.0028756540325324616,0.039564047725957625,0.009025494871128945
Test_252,0.008559328151002424,0.008813199460024483,0.9824435535224324,0.00018391886654068278
Test_253,0.0010301298756384795,0.004643387322698786,0.0006062154149857984,0.993720267386677
Test_254,0.000998996836381692,0.00370462379016682,0.0009495242441603189,0.9943468551292911
Test_255,0.2681791436423906,0.002044911009988783,0.033762499908157745,0.696013445439463
Test_256,0.0008349816524949776,0.014700247002481572,0.008489815484997927,0.9759749558600255
Test_257,9.409833951475476e-05,0.0004056763192920121,0.9995000238798344,2.01461358826213e-07
Test_258,0.004641634502851971,0.16392907455657865,0.8292835893950772,0.0021457015454921543
Test_259,0.30374708638590364,0.0033554560018237544,0.019512533363837424,0.6733849242484351
Test_260,0.002349246900562674,0.0016912282891140143,0.00021630143180371332,0.9957432233785196
Test_261,4.1492829013612424e-07,0.00031578570752325495,0.9996832159238267,5.834403598277672e-07
Test_262,0.3416206564619385,0.0461762911514708,0.3727200834851475,0.23948296890144335
Test_263,0.9988995718246617,0.00015327577521664503,0.00046851421439639604,0.0004786381857254221
Test_264,0.9977052201489869,1.5099381179533727e-05,0.002257582711254723,2.2097758578957013e-05
Test_265,0.0001568551304573532,0.0005139802440532494,0.9993287884089227,3.762165666895216e-07
Test_266,0.00026692262250439965,0.00012643900183389008,0.0003705966708305453,0.999236041704831
Test_267,0.9986725480331472,2.330953034363283e-05,0.0010885944776907732,0.0002155479588182243
Test_268,5.242560529896584e-06,0.008655928412750072,0.9913245433739973,1.4285652722665849e-05
Test_269,0.9822927427162852,0.0005106552388982349,0.012740265784055191,0.0044563362607611704
Test_270,0.09728597609604657,0.00432524422952193,0.0025478346833604478,0.895840944991071
Test_271,0.6986896426383018,0.012394968441128432,0.016363925681236936,0.2725514632393329
Test_272,1.2889047480583436e-05,0.056052226232622834,0.943665373478973,0.0002695112409237859
Test_273,0.9984457624442282,4.978078448234019e-05,0.0014486437593398374,5.581301194969104e-05
Test_274,0.005180734492218065,0.004185092113015962,0.9904428233766753,0.00019135001809059745
Test_275,0.0037045149074966185,0.017384133591730085,0.9786552703905236,0.0002560811102496917
Test_276,0.0001120594581530334,0.011675236146940703,0.00733943184718182,0.9808732725477245
Test_277,0.3934555558779495,0.1232496538822555,0.03098037873851683,0.4523144115012781
Test_278,0.007305470583965725,0.038500091831887434,0.022705489353528743,0.9314889482306181
Test_279,3.9732719281274585e-07,8.432209243163554e-05,0.9999152344411737,4.6139201741158145e-08
Test_280,0.00048271889663006797,0.0010543917072162396,0.0001789582780450297,0.9982839311181086
Test_281,1.5349717575458917e-05,0.0010225414975365925,0.00024440937755716024,0.9987176994073308
Test_282,0.0003586905548190097,0.5463836543401028,0.11293883267524042,0.34031882242983763
Test_283,0.01162138132741241,0.03431149136555195,0.9530962654439354,0.0009708618631002389
Test_284,0.0016693558572916478,0.0025803646493872145,0.9957342138034488,1.6065689872280988e-05
Test_285,0.0004376026962726169,0.007837814108469872,0.001489523662537555,0.9902350595327198
Test_286,0.09005733203653621,0.008157989882855562,0.10123800474823055,0.8005466733323777
Test_287,0.22215703069994075,0.007826866687081808,0.7689084238952987,0.001107678717678731
Test_288,2.129030110086192e-07,0.00019064367181847807,3.6543841756598077e-06,0.9998054890409949
Test_289,5.3325237962716455e-05,0.000404203341151044,2.8958778563312395e-05,0.9995135126423229
Test_290,7.798976710145375e-07,0.0001267406656260283,0.9998724638434169,1.559328600438386e-08
Test_291,3.682840977232688e-05,0.0006141777456359394,0.9993478069801477,1.186864444196015e-06
Test_292,0.9980562403039615,2.9070888481605648e-05,0.001634286040933807,0.00028040276662298776
Test_293,1.820418338863029e-07,0.00041094433067002066,0.9995888716140567,2.013439331759722e-09
Test_294,0.00029224035647842353,0.004380150934336104,0.9952978070315327,2.9801677652802716e-05
Test_295,0.007760643936580163,0.011397196701115392,0.9808082742862252,3.3885076079187294e-05
Test_296,0.16223612442836763,0.11743649590634173,0.3304510261112621,0.3898763535540286
Test_297,6.026040902889101e-05,0.0014569880732955,0.00040491588165609237,0.9980778356360196
Test_298,0.00014430638571033926,0.028619328499182868,0.9702568392751527,0.00097952583995403
Test_299,1.1920772862996602e-05,0.19995379357151327,0.7782086863198443,0.021825599335779544
Test_300,0.9690376669237513,0.000639741870922851,0.010149039861882946,0.02017355134344301
Test_301,0.9976697370478651,1.3468507530464545e-05,0.0023061725751779617,1.0621869426517948e-05
Test_302,1.0434082039623769e-05,0.0021697952561627195,0.0002541498021733938,0.9975656208596243
Test_303,0.9375705089014243,0.002893902173576677,0.024639832136020206,0.03489575678897879
Test_304,0.9960328692459729,0.0006056598263296294,0.003319388634490553,4.208229320683281e-05
Test_305,0.9961376284613087,0.00037711661083462327,0.003071973656415072,0.0004132812714415246
Test_306,0.001806125378601369,0.011421923597634451,0.01735931051418555,0.9694126405095785
Test_307,0.9960714513841483,3.4424912487630846e-05,0.0038682775805761547,2.584612278777897e-05
Test_308,0.00010325014039495372,0.003726158094636633,0.0019066748651115752,0.9942639168998567
Test_309,1.1746211681128722e-05,0.0069739227270999345,0.992987019942687,2.73111185319311e-05
Test_310,4.396760296980439e-06,0.02241451532107605,0.9775636239642995,1.7463954327554737e-05
Test_311,0.0022286939636187598,0.3430748844842794,0.5699826465662032,0.0847137749858985
Test_312,5.549190304933762e-07,1.554016242282082e-05,2.38539825379117e-06,0.9999815195202929
Test_313,9.695637084511544e-05,0.00020056916831213511,4.111434695212431e-05,0.9996613601138907
Test_314,0.0427738058229421,0.01734659726443024,0.02305406264510647,0.9168255342675212
Test_315,0.0009639053396707796,3.558330306288169e-05,4.739550575075255e-05,0.9989531158515157
Test_316,8.490636883424993e-05,0.005058672121135193,0.9948178531410065,3.856836902418966e-05
Test_317,0.0029953054411115242,0.00028924107353525685,0.9966973387342302,1.8114751123184683e-05
Test_318,0.45649998780339945,0.03850885430003112,0.005543404298427553,0.49944775359814203
Test_319,3.3847264367587103e-07,6.95196276492242e-05,0.9999301276234287,1.427627843491133e-08
Test_320,0.0002139460558228385,0.0009120973468172871,0.9988735833983217,3.731990382170077e-07
Test_321,0.9259026651602474,0.0008041761523936691,0.06920025671493905,0.00409290197241996
Test_322,0.5810141787221367,0.0004481015720495845,0.41784346514492654,0.0006942545608871986
Test_323,0.01182514526183881,0.0039036249594046257,0.9842392151633306,3.201461542614251e-05
Test_324,0.013183797605506734,0.0032174383166066684,0.9835697659790742,2.8998098812284295e-05
Test_325,0.00836519027207996,0.003260520041973671,0.0011847200031268406,0.9871895696828195
Test_326,7.973311395056928e-05,0.0003315883815116883,0.9995880353999994,6.431045383597834e-07
Test_327,0.0009356739353814225,0.0020205972678290192,0.0006082551269113256,0.9964354736698783
Test_328,0.000149367114306654,0.000993633915728853,0.9988360641380937,2.0934831870783585e-05
Test_329,8.933674363018635e-05,0.0003952503879192442,0.9995145923677468,8.205007036365779e-07
Test_330,5.042394467524855e-07,0.00033877837977063245,0.9996605373620256,1.800187571383679e-07
Test_331,0.6601695576556155,0.07943913708317987,0.07896010902222984,0.18143119623897483
Test_332,0.9992173153274913,2.3114905735548238e-05,0.0006564193242986155,0.00010315044247447546
Test_333,0.0007902595099371803,0.023034770614763507,0.9761021100933936,7.285978190568504e-05
Test_334,1.0308818390329012e-05,0.00011152870624815228,0.9998781060468206,5.6428541078093736e-08
Test_335,0.9996236250191662,1.1049617245250077e-05,0.0002143433494972051,0.00015098201409134463
Test_336,0.0006559146654977287,0.0002555375770938734,0.9990882985894437,2.491679646417968e-07
Test_337,0.9960965523424277,0.0001446151751602711,0.002105110150023345,0.0016537223323887748
Test_338,0.9858203048811006,0.000728108229108175,0.009220412450071356,0.0042311744397197345
Test_339,5.266297823460637e-06,0.002810859453188322,0.9971836882426253,1.860063630146952e-07
Test_340,0.057837230367173836,0.0005762828085870616,0.9398237933180058,0.0017626935062331922
Test_341,0.997975188710953,0.00010235032595219588,0.0010011601768777096,0.0009213007862169381
Test_342,0.9923812553746522,1.7135928605327416e-05,0.007576430329768411,2.51783669741738e-05
Test_343,0.6261643744941877,0.01832667539783577,0.0641265212067124,0.29138242890126415
Test_344,3.8719166689957245e-06,0.000500008160764264,0.9994959593300291,1.6059253759869583e-07
Test_345,0.0005691199756158238,0.004783006783277388,0.9946318450680526,1.602817305426366e-05
Test_346,1.476366842948004e-05,0.00011561717939555214,0.9998695651906057,5.396156923574131e-08
Test_347,0.00023144948410359448,0.0003573324962335605,0.9994085636993706,2.654320292236606e-06
Test_348,0.005333648177455187,0.0021182963875414594,0.009461980399572576,0.9830860750354308
Test_349,0.0004097046309948248,0.1418177200446048,0.8552780589826764,0.002494516341724186
Test_350,0.00121794499853796,0.005164088026932795,0.007189422365967249,0.986428544608562
Test_351,3.5208879728011734e-08,7.218381516204662e-05,0.9999277565701578,2.440580042343168e-08
Test_352,0.00017919870464668707,0.007150061623909965,0.008727322369816654,0.9839434173016266
Test_353,0.06254855060969298,0.19957366515881578,0.662221040909602,0.07565674332188911
Test_354,2.0204533906944793e-05,0.002026392608596899,0.9979528154381385,5.874193576449684e-07
Test_355,0.7544597857479466,0.05350500569163279,0.03580620522894092,0.15622900333147965
Test_356,0.9977190656579835,3.158888634428106e-05,0.002221965917933078,2.7379537739064624e-05
Test_357,0.9978000591628451,6.642864015490377e-06,0.002175272145406272,1.802582773334787e-05
Test_358,0.36289880825793375,0.03936075240913133,0.5576194964509473,0.040120942881987545
Test_359,1.2260841702333846e-05,1.2763832485300677e-05,6.9857222144184455e-06,0.999967989603598
Test_360,0.0017566509672576535,0.049224513266114295,0.02051936403068987,0.9284994717359382
Test_361,0.9989089080308757,3.4458703975863823e-05,0.0005385211554016094,0.0005181121097466687
Test_362,0.995024284168047,0.00016709341501230677,0.0034220811511715397,0.0013865412657690316
Test_363,3.1254970683193644e-05,0.001073951360813272,0.998894002492912,7.911755915233246e-07
Test_364,6.945189397696129e-06,0.00011782786787546843,0.9998751988202499,2.8122476830956872e-08
Test_365,0.0004229336128410644,0.05141218576948725,0.9480960400207934,6.884059687839926e-05
Test_366,0.009833444019147854,0.0036315856604703708,0.9864357575266723,9.921279370934636e-05
Test_367,0.0005493696455288397,0.00042483530517244594,0.00012693630426555637,0.9988988587450331
Test_368,0.9511154730713963,0.00022527890423411226,0.048473843373317595,0.00018540465105187394
Test_369,1.9005454853305332e-06,0.0023304078216308008,0.00030418826278632975,0.9973635033700976
Test_370,5.8697435563999504e-05,0.00024114961525495976,0.9996998282654417,3.2468373934714976e-07
Test_371,1.9252822459639993e-05,0.000878205625917536,0.9991023294526957,2.1209892703149859e-07
Test_372,0.006071889859032755,0.006131509756316954,0.009719503603671078,0.9780770967809793
Test_373,1.967486149301631e-06,0.00032872651321224565,0.9996691243301765,1.816704619949002e-07
Test_374,0.001666237837548655,0.0024267296499732244,0.9959000374964058,6.9950160722430195e-06
Test_375,0.000266444335877516,0.002743505767753322,0.005151681267069917,0.9918383686292992
Test_376,0.9989842563723121,0.00010871789332842482,0.0007722099385088228,0.00013481579585065913
Test_377,0.9917064367809778,0.00012107494169503235,0.007935563818598343,0.00023692445872896514
Test_378,2.571844041237191e-07,0.00010471610772087494,0.9998950222392151,4.468659798358323e-09
Test_379,0.008763664519738283,0.16304933274563554,0.8136657600923749,0.01452124264225136
Test_380,0.0001051059172242124,0.0029097934182228035,0.0010183480294677061,0.9959667526350853
Test_381,0.9608815220584256,0.0014620199584217102,0.015883571719455886,0.021772886263696944
Test_382,8.922307205834484e-05,0.0005628238470239233,0.00010611044216573308,0.999241842638752
Test_383,0.9467980195561557,0.002028503458101414,0.005130151564124212,0.046043325421618736
Test_384,9.247806273826112e-07,8.38107892195253e-05,0.9999152605871295,3.843023552330732e-09
Test_385,0.007646242539817079,0.005843284076396505,0.002917932696143226,0.9835925406876432
Test_386,1.5328152442286472e-05,0.012882805764631803,0.9869441970077693,0.0001576690751565402
Test_387,1.2393371517399245e-05,0.01732513698177973,0.0007931695456436061,0.9818693001010592
Test_388,0.9847870197985201,0.0045867288890369135,0.0027843782031789156,0.007841873109264217
Test_389,0.8422872190340229,0.0005354086610114587,0.1571353570362783,4.201526868745469e-05
Test_390,0.6477536281579666,0.003042404526693997,0.01979190547294316,0.32941206184239613
Test_391,1.1873954577235521e-05,0.0017164991398224904,0.9982702513363565,1.375569243712303e-06
Test_392,7.044111859211852e-05,0.0002937841005702804,0.9996344950677732,1.279713064382899e-06
Test_393,0.0009689653757113684,0.20796887787301932,0.04110414731945812,0.7499580094318111
Test_394,0.03404469707313107,0.001018090124141065,0.0007821426346406878,0.9641550701680872
Test_395,8.923939837423986e-06,0.00041102736498065275,0.9995796139092911,4.3478589095351283e-07
Test_396,0.0017160867131950693,0.009648864483958403,0.0011112767705673372,0.9875237720322793
Test_397,0.005826175816008784,0.003587358061279548,0.006520296928162804,0.9840661691945488
Test_398,0.0006972351562264829,0.001953980173021187,0.9973400840953063,8.700575445891314e-06
Test_399,0.31155782443697727,0.008042398370316388,0.003982126473822434,0.6764176507188839
Test_400,9.524622402181479e-05,0.000591699072007565,0.9993124545714356,6.001325352185733e-07
Test_401,0.00034741005988063917,0.004654296326338072,0.9949965256067691,1.76800701213808e-06
Test_402,0.03411326654671848,0.0014804161358204567,0.0006990478559159972,0.963707269461545
Test_403,1.2674079772667245e-05,0.0008463859299338859,0.9991404048809311,5.351093623608933e-07
Test_404,0.06235182206575107,0.0036166792174895396,0.006851221637957747,0.9271802770788016
Test_405,4.126944445216997e-05,0.0002521911104790787,7.935812149567972e-05,0.999627181323573
Test_406,7.552359303800822e-06,0.00018202233501560778,2.7050140009311453e-05,0.9997833751656713
Test_407,0.0017249968847217454,0.0049938026364265,0.002256165213725869,0.9910250352651258
Test_408,3.458096711008069e-05,0.0014020530783097577,1.9369950109612012e-05,0.9985439960044705
Test_409,0.0032850808564641783,0.005191099613060571,0.9891336865920137,0.002390132938461567
Test_410,0.0007582852122904256,0.0005968752873093682,0.00019275453983019937,0.9984520849605699
Test_411,0.9978207847757599,7.948240512375079e-06,0.0021510403171741224,2.022666655369069e-05
Test_412,1.5116725499304117e-05,0.2174531532663204,0.7816955385689346,0.0008361914392456784
Test_413,0.9961790042963878,0.00010965298736303482,0.0036020369363228026,0.00010930577992632586
Test_414,4.1034081907911676e-07,4.3346797613287526e-05,0.9999562227180359,2.014353185874022e-08
Test_415,8.942875185180163e-05,0.003083946574161342,0.9968239696138269,2.6550601599711608e-06
Test_416,0.2279611491716555,0.08031378580626296,0.5710317376622495,0.1206933273598322
Test_417,1.9731357189620154e-05,0.00024209732580627482,0.999737627584618,5.437323860163766e-07
Test_418,0.9996248759472722,4.065483720975538e-05,0.0003325309063996138,1.9383091186746045e-06
Test_419,0.8010709521864425,0.0001717212794451395,0.19872155952299153,3.5767011120927535e-05
Test_420,3.531970810707069e-06,0.0018903557492915579,0.9981050706539872,1.0416259104987092e-06
Test_421,0.003120419792594449,0.0005037713070531024,0.0004929732578094694,0.9958828356425431
Test_422,0.03811075311856968,0.005684623391283153,0.0003872409642797208,0.9558173825258675
Test_423,0.0003040638803912156,0.009323876491246202,0.9903539716323535,1.808799600896923e-05
Test_424,1.2181319086269401e-05,0.01298303400177661,0.9869971199105418,7.664768595270626e-06
Test_425,0.2641884483408894,0.009335981179079448,0.008378174321994841,0.7180973961580362
Test_426,0.0003688090937224037,8.223208340784784e-05,0.9995468166334126,2.1421894569693283e-06
Test_427,0.00024833932265357035,0.0003031146505503713,3.776077684743324e-05,0.9994107852499486
Test_428,5.8506016785280785e-05,3.637818346655748e-05,0.00046324989420036544,0.9994418659055478
Test_429,1.1434417217388834e-07,0.0008279997047082274,0.9991718524537331,3.349738651699799e-08
Test_430,0.00011203418682210525,0.011018637389056651,0.9888685624154608,7.660086603138808e-07
Test_431,0.9786638119578962,0.0014279828267373359,0.01881114416509539,0.001097061050271155
